section,key,value
machine_profile,hostname,plain-bear-unfolds-fin-02
machine_profile,system,Linux
machine_profile,release,6.8.0-100-generic
machine_profile,platform,Linux-6.8.0-100-generic-x86_64-with-glibc2.39
machine_profile,machine,x86_64
machine_profile,python_version,3.12.3
machine_profile,cpu_count,80
machine_profile,cuda_visible_devices,
machine_profile,cuda_compute_cap_override,90
machine_profile,detected_cuda_device_count,2
machine_profile,effective_device_ids,"[0, 1]"
repo_state,repo_path,/root/Documents/myelon-launch/vllm.rs
repo_state,branch,myelon-integration-1
repo_state,commit,5d2400d757e9cbfe0f653d8b4be10c2481559d72
repo_state,status,"M artifacts/h100_bridge_campaign_20260406/qwen30ba3b_tp2_server_cache_thrash_rr_swap_v10/report.json
 M artifacts/h100_bridge_campaign_20260406/qwen30ba3b_tp2_server_cache_thrash_rr_swap_v10/reports/benchmarks/per_variant_side_by_side.csv
 M artifacts/h100_bridge_campaign_20260406/qwen30ba3b_tp2_server_cache_thrash_rr_swap_v10/reports/benchmarks/per_variant_side_by_side.md
 M artifacts/h100_bridge_campaign_20260406/qwen30ba3b_tp2_server_cache_thrash_rr_swap_v10/reports/benchmarks/run_details.csv
 M artifacts/h100_bridge_campaign_20260406/qwen30ba3b_tp2_server_cache_thrash_rr_swap_v10/reports/benchmarks/run_index.csv
 M artifacts/h100_bridge_campaign_20260406/qwen30ba3b_tp2_server_cache_thrash_rr_swap_v10/reports/benchmarks/run_index.md
 M artifacts/h100_bridge_campaign_20260406/qwen30ba3b_tp2_server_cache_thrash_rr_swap_v10/reports/benchmarks/run_summary.md
 M artifacts/h100_bridge_campaign_20260406/qwen30ba3b_tp2_server_cache_thrash_rr_swap_v10/reports/system_info/system_snapshot.csv
 M artifacts/h100_bridge_campaign_20260406/qwen30ba3b_tp2_server_cache_thrash_rr_swap_v10/reports/system_info/system_snapshot.json
 M artifacts/h100_bridge_campaign_20260406/qwen30ba3b_tp2_server_cache_thrash_rr_swap_v10/reports/system_info/system_snapshot.md
 M artifacts/h100_bridge_campaign_20260406/qwen30ba3b_tp2_server_cache_thrash_rr_swap_v9/report.json
 M artifacts/h100_bridge_campaign_20260406/qwen30ba3b_tp2_server_cache_thrash_rr_swap_v9/reports/benchmarks/run_details.csv
 M artifacts/h100_bridge_campaign_20260406/qwen30ba3b_tp2_server_cache_thrash_rr_swap_v9/reports/benchmarks/run_index.csv
 M artifacts/h100_bridge_campaign_20260406/qwen30ba3b_tp2_server_cache_thrash_rr_swap_v9/reports/benchmarks/run_index.md
 M artifacts/h100_bridge_campaign_20260406/qwen30ba3b_tp2_server_cache_thrash_rr_swap_v9/reports/benchmarks/run_summary.md
 M artifacts/h100_bridge_campaign_20260406/qwen30ba3b_tp2_server_cache_thrash_rr_swap_v9/reports/system_info/system_snapshot.csv
 M artifacts/h100_bridge_campaign_20260406/qwen30ba3b_tp2_server_cache_thrash_rr_swap_v9/reports/system_info/system_snapshot.json
 M artifacts/h100_bridge_campaign_20260406/qwen30ba3b_tp2_server_cache_thrash_rr_swap_v9/reports/system_info/system_snapshot.md
 M artifacts/h100_bridge_campaign_20260406/qwen30ba3b_tp2_server_cache_thrash_rr_v1/report.json
 M artifacts/h100_bridge_campaign_20260406/qwen30ba3b_tp2_server_cache_thrash_rr_v1/reports/benchmarks/per_variant_side_by_side.csv
 M artifacts/h100_bridge_campaign_20260406/qwen30ba3b_tp2_server_cache_thrash_rr_v1/reports/benchmarks/per_variant_side_by_side.md
 M artifacts/h100_bridge_campaign_20260406/qwen30ba3b_tp2_server_cache_thrash_rr_v1/reports/benchmarks/run_details.csv
 M artifacts/h100_bridge_campaign_20260406/qwen30ba3b_tp2_server_cache_thrash_rr_v1/reports/benchmarks/run_index.csv
 M artifacts/h100_bridge_campaign_20260406/qwen30ba3b_tp2_server_cache_thrash_rr_v1/reports/benchmarks/run_index.md
 M artifacts/h100_bridge_campaign_20260406/qwen30ba3b_tp2_server_cache_thrash_rr_v1/reports/benchmarks/run_summary.md
 M artifacts/h100_bridge_campaign_20260406/qwen30ba3b_tp2_server_cache_thrash_rr_v1/reports/system_info/system_snapshot.csv
 M artifacts/h100_bridge_campaign_20260406/qwen30ba3b_tp2_server_cache_thrash_rr_v1/reports/system_info/system_snapshot.json
 M artifacts/h100_bridge_campaign_20260406/qwen30ba3b_tp2_server_cache_thrash_rr_v1/reports/system_info/system_snapshot.md
 M artifacts/h100_bridge_campaign_20260406/qwen30ba3b_tp2_server_cache_thrash_rr_v2/report.json
 M artifacts/h100_bridge_campaign_20260406/qwen30ba3b_tp2_server_cache_thrash_rr_v2/reports/benchmarks/per_variant_side_by_side.csv
 M artifacts/h100_bridge_campaign_20260406/qwen30ba3b_tp2_server_cache_thrash_rr_v2/reports/benchmarks/per_variant_side_by_side.md
 M artifacts/h100_bridge_campaign_20260406/qwen30ba3b_tp2_server_cache_thrash_rr_v2/reports/benchmarks/run_details.csv
 M artifacts/h100_bridge_campaign_20260406/qwen30ba3b_tp2_server_cache_thrash_rr_v2/reports/benchmarks/run_index.csv
 M artifacts/h100_bridge_campaign_20260406/qwen30ba3b_tp2_server_cache_thrash_rr_v2/reports/benchmarks/run_index.md
 M artifacts/h100_bridge_campaign_20260406/qwen30ba3b_tp2_server_cache_thrash_rr_v2/reports/benchmarks/run_summary.md
 M artifacts/h100_bridge_campaign_20260406/qwen30ba3b_tp2_server_cache_thrash_rr_v2/reports/system_info/system_snapshot.csv
 M artifacts/h100_bridge_campaign_20260406/qwen30ba3b_tp2_server_cache_thrash_rr_v2/reports/system_info/system_snapshot.json
 M artifacts/h100_bridge_campaign_20260406/qwen30ba3b_tp2_server_cache_thrash_rr_v2/reports/system_info/system_snapshot.md
 M artifacts/h100_bridge_campaign_20260406/qwen30ba3b_tp2_server_cache_thrash_rr_v3/report.json
 M artifacts/h100_bridge_campaign_20260406/qwen30ba3b_tp2_server_cache_thrash_rr_v3/reports/benchmarks/per_variant_side_by_side.csv
 M artifacts/h100_bridge_campaign_20260406/qwen30ba3b_tp2_server_cache_thrash_rr_v3/reports/benchmarks/per_variant_side_by_side.md
 M artifacts/h100_bridge_campaign_20260406/qwen30ba3b_tp2_server_cache_thrash_rr_v3/reports/benchmarks/run_details.csv
 M artifacts/h100_bridge_campaign_20260406/qwen30ba3b_tp2_server_cache_thrash_rr_v3/reports/benchmarks/run_index.csv
 M artifacts/h100_bridge_campaign_20260406/qwen30ba3b_tp2_server_cache_thrash_rr_v3/reports/benchmarks/run_index.md
 M artifacts/h100_bridge_campaign_20260406/qwen30ba3b_tp2_server_cache_thrash_rr_v3/reports/benchmarks/run_summary.md
 M artifacts/h100_bridge_campaign_20260406/qwen30ba3b_tp2_server_cache_thrash_rr_v3/reports/system_info/system_snapshot.csv
 M artifacts/h100_bridge_campaign_20260406/qwen30ba3b_tp2_server_cache_thrash_rr_v3/reports/system_info/system_snapshot.json
 M artifacts/h100_bridge_campaign_20260406/qwen30ba3b_tp2_server_cache_thrash_rr_v3/reports/system_info/system_snapshot.md
 M artifacts/h100_bridge_campaign_20260406/qwen30ba3b_tp2_server_cache_thrash_rr_v4/report.json
 M artifacts/h100_bridge_campaign_20260406/qwen30ba3b_tp2_server_cache_thrash_rr_v4/reports/benchmarks/per_variant_side_by_side.csv
 M artifacts/h100_bridge_campaign_20260406/qwen30ba3b_tp2_server_cache_thrash_rr_v4/reports/benchmarks/per_variant_side_by_side.md
 M artifacts/h100_bridge_campaign_20260406/qwen30ba3b_tp2_server_cache_thrash_rr_v4/reports/benchmarks/run_details.csv
 M artifacts/h100_bridge_campaign_20260406/qwen30ba3b_tp2_server_cache_thrash_rr_v4/reports/benchmarks/run_index.csv
 M artifacts/h100_bridge_campaign_20260406/qwen30ba3b_tp2_server_cache_thrash_rr_v4/reports/benchmarks/run_index.md
 M artifacts/h100_bridge_campaign_20260406/qwen30ba3b_tp2_server_cache_thrash_rr_v4/reports/benchmarks/run_summary.md
 M artifacts/h100_bridge_campaign_20260406/qwen30ba3b_tp2_server_cache_thrash_rr_v4/reports/system_info/system_snapshot.csv
 M artifacts/h100_bridge_campaign_20260406/qwen30ba3b_tp2_server_cache_thrash_rr_v4/reports/system_info/system_snapshot.json
 M artifacts/h100_bridge_campaign_20260406/qwen30ba3b_tp2_server_cache_thrash_rr_v4/reports/system_info/system_snapshot.md
 M artifacts/h100_bridge_campaign_20260406/qwen30ba3b_tp2_server_cache_thrash_rr_v5/report.json
 M artifacts/h100_bridge_campaign_20260406/qwen30ba3b_tp2_server_cache_thrash_rr_v5/reports/benchmarks/per_variant_side_by_side.csv
 M artifacts/h100_bridge_campaign_20260406/qwen30ba3b_tp2_server_cache_thrash_rr_v5/reports/benchmarks/per_variant_side_by_side.md
 M artifacts/h100_bridge_campaign_20260406/qwen30ba3b_tp2_server_cache_thrash_rr_v5/reports/benchmarks/run_details.csv
 M artifacts/h100_bridge_campaign_20260406/qwen30ba3b_tp2_server_cache_thrash_rr_v5/reports/benchmarks/run_index.csv
 M artifacts/h100_bridge_campaign_20260406/qwen30ba3b_tp2_server_cache_thrash_rr_v5/reports/benchmarks/run_index.md
 M artifacts/h100_bridge_campaign_20260406/qwen30ba3b_tp2_server_cache_thrash_rr_v5/reports/benchmarks/run_summary.md
 M artifacts/h100_bridge_campaign_20260406/qwen30ba3b_tp2_server_cache_thrash_rr_v5/reports/system_info/system_snapshot.csv
 M artifacts/h100_bridge_campaign_20260406/qwen30ba3b_tp2_server_cache_thrash_rr_v5/reports/system_info/system_snapshot.json
 M artifacts/h100_bridge_campaign_20260406/qwen30ba3b_tp2_server_cache_thrash_rr_v5/reports/system_info/system_snapshot.md
 M artifacts/h100_bridge_campaign_20260406/qwen30ba3b_tp2_server_cache_thrash_rr_v6/report.json
 M artifacts/h100_bridge_campaign_20260406/qwen30ba3b_tp2_server_cache_thrash_rr_v6/reports/benchmarks/run_details.csv
 M artifacts/h100_bridge_campaign_20260406/qwen30ba3b_tp2_server_cache_thrash_rr_v6/reports/benchmarks/run_index.csv
 M artifacts/h100_bridge_campaign_20260406/qwen30ba3b_tp2_server_cache_thrash_rr_v6/reports/benchmarks/run_index.md
 M artifacts/h100_bridge_campaign_20260406/qwen30ba3b_tp2_server_cache_thrash_rr_v6/reports/benchmarks/run_summary.md
 M artifacts/h100_bridge_campaign_20260406/qwen30ba3b_tp2_server_cache_thrash_rr_v6/reports/system_info/system_snapshot.csv
 M artifacts/h100_bridge_campaign_20260406/qwen30ba3b_tp2_server_cache_thrash_rr_v6/reports/system_info/system_snapshot.json
 M artifacts/h100_bridge_campaign_20260406/qwen30ba3b_tp2_server_cache_thrash_rr_v6/reports/system_info/system_snapshot.md
 M artifacts/h100_bridge_campaign_20260406/qwen30ba3b_tp2_server_cache_thrash_rr_v8/report.json
 M artifacts/h100_bridge_campaign_20260406/qwen30ba3b_tp2_server_cache_thrash_rr_v8/reports/benchmarks/per_variant_side_by_side.csv
 M artifacts/h100_bridge_campaign_20260406/qwen30ba3b_tp2_server_cache_thrash_rr_v8/reports/benchmarks/per_variant_side_by_side.md
 M artifacts/h100_bridge_campaign_20260406/qwen30ba3b_tp2_server_cache_thrash_rr_v8/reports/benchmarks/run_details.csv
 M artifacts/h100_bridge_campaign_20260406/qwen30ba3b_tp2_server_cache_thrash_rr_v8/reports/benchmarks/run_index.csv
 M artifacts/h100_bridge_campaign_20260406/qwen30ba3b_tp2_server_cache_thrash_rr_v8/reports/benchmarks/run_index.md
 M artifacts/h100_bridge_campaign_20260406/qwen30ba3b_tp2_server_cache_thrash_rr_v8/reports/benchmarks/run_summary.md
 M artifacts/h100_bridge_campaign_20260406/qwen30ba3b_tp2_server_cache_thrash_rr_v8/reports/system_info/system_snapshot.csv
 M artifacts/h100_bridge_campaign_20260406/qwen30ba3b_tp2_server_cache_thrash_rr_v8/reports/system_info/system_snapshot.json
 M artifacts/h100_bridge_campaign_20260406/qwen30ba3b_tp2_server_cache_thrash_rr_v8/reports/system_info/system_snapshot.md
 M artifacts/h100_bridge_campaign_20260406/qwen30ba3b_tp2_server_fixed_prompt/report.json
 M artifacts/h100_bridge_campaign_20260406/qwen30ba3b_tp2_server_fixed_prompt/reports/benchmarks/run_details.csv
 M artifacts/h100_bridge_campaign_20260406/qwen30ba3b_tp2_server_fixed_prompt/reports/benchmarks/run_index.csv
 M artifacts/h100_bridge_campaign_20260406/qwen30ba3b_tp2_server_fixed_prompt/reports/benchmarks/run_index.md
 M artifacts/h100_bridge_campaign_20260406/qwen30ba3b_tp2_server_fixed_prompt/reports/benchmarks/run_summary.md
 M artifacts/h100_bridge_campaign_20260406/qwen30ba3b_tp2_server_fixed_prompt/reports/system_info/system_snapshot.csv
 M artifacts/h100_bridge_campaign_20260406/qwen30ba3b_tp2_server_fixed_prompt/reports/system_info/system_snapshot.json
 M artifacts/h100_bridge_campaign_20260406/qwen30ba3b_tp2_server_fixed_prompt/reports/system_info/system_snapshot.md
 M artifacts/h100_bridge_campaign_20260406/reports/benchmarks/all_run_commands.md
 M artifacts/h100_bridge_campaign_20260406/reports/benchmarks/current_findings.csv
 M artifacts/h100_bridge_campaign_20260406/reports/benchmarks/current_findings.md
 M artifacts/h100_bridge_campaign_20260406/reports/benchmarks/high_level_summary.md
 M artifacts/h100_bridge_campaign_20260406/reports/benchmarks/per_model_side_by_side.csv
 M artifacts/h100_bridge_campaign_20260406/reports/benchmarks/per_model_side_by_side.md
 M artifacts/h100_bridge_campaign_20260406/reports/benchmarks/rollup_run_index.csv
 M artifacts/h100_bridge_campaign_20260406/reports/benchmarks/rollup_run_index.md
 M scripts/myelon_report_common.py
 M scripts/run_myelon_benchmark_matrix.py
 M scripts/run_myelon_pd_benchmark_matrix.py
 M scripts/run_myelon_server_benchmark_matrix.py
 M scripts/tests/test_benchmark_contract.py
?? artifacts/h100_bridge_campaign_20260406/qwen30ba3b_tp2_server_cache_thrash_rr_swap_v10/reports/manifest.json
?? artifacts/h100_bridge_campaign_20260406/qwen30ba3b_tp2_server_cache_thrash_rr_swap_v10/reports/manifest.md
?? artifacts/h100_bridge_campaign_20260406/qwen30ba3b_tp2_server_cache_thrash_rr_swap_v9/reports/manifest.json
?? artifacts/h100_bridge_campaign_20260406/qwen30ba3b_tp2_server_cache_thrash_rr_swap_v9/reports/manifest.md
?? artifacts/h100_bridge_campaign_20260406/qwen30ba3b_tp2_server_cache_thrash_rr_v1/reports/manifest.json
?? artifacts/h100_bridge_campaign_20260406/qwen30ba3b_tp2_server_cache_thrash_rr_v1/reports/manifest.md
?? artifacts/h100_bridge_campaign_20260406/qwen30ba3b_tp2_server_cache_thrash_rr_v2/reports/manifest.json
?? artifacts/h100_bridge_campaign_20260406/qwen30ba3b_tp2_server_cache_thrash_rr_v2/reports/manifest.md
?? artifacts/h100_bridge_campaign_20260406/qwen30ba3b_tp2_server_cache_thrash_rr_v3/reports/manifest.json
?? artifacts/h100_bridge_campaign_20260406/qwen30ba3b_tp2_server_cache_thrash_rr_v3/reports/manifest.md
?? artifacts/h100_bridge_campaign_20260406/qwen30ba3b_tp2_server_cache_thrash_rr_v4/reports/manifest.json
?? artifacts/h100_bridge_campaign_20260406/qwen30ba3b_tp2_server_cache_thrash_rr_v4/reports/manifest.md
?? artifacts/h100_bridge_campaign_20260406/qwen30ba3b_tp2_server_cache_thrash_rr_v5/reports/manifest.json
?? artifacts/h100_bridge_campaign_20260406/qwen30ba3b_tp2_server_cache_thrash_rr_v5/reports/manifest.md
?? artifacts/h100_bridge_campaign_20260406/qwen30ba3b_tp2_server_cache_thrash_rr_v6/reports/manifest.json
?? artifacts/h100_bridge_campaign_20260406/qwen30ba3b_tp2_server_cache_thrash_rr_v6/reports/manifest.md
?? artifacts/h100_bridge_campaign_20260406/qwen30ba3b_tp2_server_cache_thrash_rr_v8/reports/manifest.json
?? artifacts/h100_bridge_campaign_20260406/qwen30ba3b_tp2_server_cache_thrash_rr_v8/reports/manifest.md
?? artifacts/h100_bridge_campaign_20260406/qwen30ba3b_tp2_server_fixed_prompt/reports/manifest.json
?? artifacts/h100_bridge_campaign_20260406/qwen30ba3b_tp2_server_fixed_prompt/reports/manifest.md
?? artifacts/h100_bridge_campaign_20260406/qwen3_4b_tp2_server_cache_thrash_rr_v1/
?? artifacts/h100_bridge_campaign_20260406/qwen3_4b_tp2_server_shared_prefix_rr_control_v1/"
